5897 1153 6604 1663
0 5467 1103 7466
7493 1819 7852 2179
6086 2034 7493 2401
3982 782 4406 1204
4482 5973 6063 6821
8565 5640 8988 6064
7421 4019 8865 4410
3223 8371 3516 8662
327 7619 1399 8691
5244 1107 5897 1728
3554 6667 3856 6969
3556 7050 4119 7612
8988 5966 9936 6916
0 9272 1772 9380
6507 5736 7156 6384
6163 3796 6366 3998
1103 5545 1572 6013
6948 5087 7597 5736
3087 4345 3410 8371
6630 3661 7421 4515
2463 8599 3223 8761
6604 1153 6995 2034
8270 6613 8858 7201
6538 4515 7774 5087
5468 5065 5587 5182
3475 9282 6219 10000
717 3336 1439 4059
2083 5495 2728 7344
4897 0 6247 550
7852 1819 9030 2332
5219 5458 5736 5973
7421 3112 8328 4019
3179 3657 3868 4345
5283 6821 5602 7139
0 1623 5244 1725
2045 3822 2396 4172
5394 1756 6086 3265
4987 1728 5394 2134
3856 6662 4482 7050
3516 8261 4536 9282
4008 4707 4707 5404
0 9380 558 10000
7498 9290 8115 9909
5677 8528 6219 9282
5613 7212 6502 8100
1246 1945 2192 3083
7860 7689 8037 7864
3868 3191 4754 3739
6063 6685 6590 7212
5932 550 6263 1153
3802 3191 3868 3657
1945 7344 2217 7614
8995 4957 9318 5280
8565 5203 8917 5556
5587 3593 5955 5458
2045 3191 2332 3822
6995 1147 8909 1819
89 1991 512 2413
327 8691 907 9272
2192 1725 4987 1959
6086 1663 6459 2034
1439 3561 2045 4447
8988 5280 10000 5966
2678 3722 3174 4216
5375 550 5932 1107
0 8383 327 8711
3976 3739 4317 4078
1772 8676 2463 9366
6995 1146 9664 1147
8685 4410 9232 4957
8300 5447 8565 5712
9349 387 9978 1016
2209 7935 2875 8599
558 9418 1097 9958
5024 8528 5677 9180
9664 1016 9953 1304
811 3083 5394 3191
6263 420 6995 1153
3410 5590 4482 6662
7630 6344 7937 6651
2332 3191 3802 3657
8615 7201 9194 7780
7597 5087 8565 5361
2802 6072 3087 6356
2192 2625 5394 3083
6995 0 8525 1146
9758 46 9850 138
5955 4905 6538 5488
6109 3276 6630 3796
717 2717 811 3336
2192 1959 2858 2625
8545 8840 9028 9321
1854 4454 2629 5228
8115 8840 8545 10000
1370 721 2439 1623
4754 3265 6109 3593
2463 8761 3475 9775
9195 7225 10000 10000
6219 8721 7498 10000
2728 6858 2987 7116
1406 6445 2083 7122
9366 2115 9906 2653
8472 3379 9113 4019
8037 7780 9195 8840
0 0 4897 46
9030 2115 9366 2332
0 2413 717 3476
9125 1489 9751 2115
801 2272 1246 2717
6110 2401 6974 3264
8328 2332 9366 3379
4763 3781 4834 3852
7597 5361 8300 6344
4536 8100 7579 8528
0 642 862 1506
0 3476 717 4194
2003 46 2678 721
